A1 49 null 38 40 45 60 34 40 42 45
A2 29 15 null 26 15 32 21 14 21 78
A3 23 null 22 39 38 32 22 34 24 69
A4 null 31 49 null 38 49 null 36 48 61
A5 22 10 20 13 15 13 7 25 86 null
A6 36 41 43 27 null 68 null 33 25 null
A7 31 42 24 24 33 42 68 27 null null
A8 null null 7 9 11 12 2 98 6 null
A9 81 null 74 73 74 null 89 78 77 19
A10 11 88 94 91 92 96 86 82 86 87
A11 null 79 77 88 88 17 83 83 76 93
A12 null 63 41 null 69 64 69 68 null 58
A13 12 null 85 23 10 16 null 8 26 null
A14 100 100 86 null null 7 90 88 100 94
A15 71 76 69 null null 78 32 75 null 76
A16 38 70 60 null null 59 61 65 69 55
A17 11 18 89 13 19 17 14 4 16 21
A18 null 64 null 29 63 null 67 null 74 67
A19 44 45 46 null 40 39 57 null 48 43
A20 63 35 30 36 30 null 33 29 38 47
A21 61 41 48 43 null null 46 44 null null
A22 17 null null 24 6 87 null 13 null 6
A23 39 63 56 60 54 63 null null 61 58
A24 null 25 26 null 31 77 null 32 17 30
A25 54 null 38 45 45 45 48 52 52 49
A26 49 47 61 33 45 40 47 37 null 38
A27 22 23 14 19 15 6 86 19 10 24
A28 40 null 20 32 null 37 71 30 27 22
A29 83 83 null 82 79 21 80 73 null 83
A30 83 83 17 75 82 75 80 86 88 87
A31 100 100 100 2 null 100 91 96 100 100
A32 7 16 17 18 null 15 5 17 9 87
A33 23 24 21 23 17 76 null 18 19 15
A34 21 25 77 null 26 33 null 24 null 26
A35 65 56 70 null 64 36 62 68 66 72
A36 63 62 70 55 65 null 73 37 70 null
A37 29 13 23 22 31 79 19 26 25 null
A38 93 100 100 100 1 100 100 100 96 100
A39 72 null 19 77 74 null 81 null 87 null
A40 22 87 null 19 17 16 6 4 14 20
A41 87 null 77 79 69 24 74 68 85 84
A42 76 80 80 80 80 null 27 65 72 83
A43 93 95 87 91 84 null 98 85 8 91
A44 43 null 49 43 52 52 50 45 53 51
A45 74 null 23 18 24 null null 17 25 36
A46 79 14 82 null 93 78 80 91 88 null
A47 72 73 65 null 57 36 56 61 62 65
A48 99 100 91 100 3 93 100 100 null 95
A49 null 74 76 null 80 86 23 87 null null
A50 37 null null 47 null 62 38 35 46 46
A51 44 61 53 43 null 61 46 55 49 45
A52 12 0 0 97 null null 0 9 null 3
A53 60 46 54 54 45 55 59 45 48 59
A54 14 6 93 4 17 14 16 null 11 7
A55 null 1 0 98 11 11 null 0 0 0
A56 27 69 39 26 39 26 29 null 30 37
A57 0 0 12 0 98 13 0 0 6 0
A58 93 88 92 88 15 83 null 79 null 86
A59 null 59 51 60 59 53 57 41 null 53
A60 72 73 69 69 null 32 61 64 63 72
A61 null 7 88 19 12 null 4 null 13 12
A62 81 86 82 75 80 79 21 78 76 83
A63 66 26 79 83 75 null 82 null 83 77
A64 74 73 22 76 83 null null 85 89 73
A65 88 11 92 null 82 82 93 94 null 99
A66 null 80 22 27 12 29 23 15 27 24
A67 4 92 null 100 100 90 99 100 100 null
A68 33 28 null 20 18 78 23 14 null 31
A69 48 63 null null 52 null 48 62 null 53
A70 86 8 null 20 12 14 null 24 8 null
A71 63 null 63 null 53 40 null 61 65 65
A72 65 69 53 56 41 60 64 54 67 54
A73 89 4 5 21 14 16 12 6 8 null
A74 67 65 55 59 69 42 62 54 51 50
A75 100 5 5 null 3 0 0 0 0 0
A76 7 null null 9 6 9 4 12 96 12
A77 50 null null 41 51 69 null 53 66 59
A78 67 55 57 42 51 68 59 68 65 null
A79 65 null null 32 31 null 43 45 33 43
A80 32 null 31 null 46 62 48 null 46 45
A81 46 46 53 62 53 null 58 63 62 50
A82 58 61 62 64 null 64 60 null 36 63
A83 38 69 42 33 30 34 null 26 28 39
A84 71 88 null 90 85 20 null null 73 75
A85 92 88 74 75 79 83 89 null 91 18
A86 1 null 93 4 null 2 15 0 0 2
A87 80 null 22 83 72 71 70 80 79 77
A88 null 90 null 89 85 81 73 81 19 87
A89 78 73 78 82 67 null 73 72 72 25
A90 64 78 27 null 82 76 67 67 null 77
A91 80 null null 24 79 82 67 67 69 86
A92 97 92 null 94 95 98 83 84 99 11
A93 25 66 35 36 40 40 26 36 32 null
A94 27 25 31 null null 29 28 27 76 33
A95 52 46 null 51 53 null 55 51 52 54
A96 72 77 72 29 75 75 70 81 82 70
A97 11 25 13 26 null 8 null 18 85 18
A98 46 35 37 null 47 50 null 40 34 60
A99 66 66 58 37 70 null null 65 63 null
A100 null 49 53 42 58 48 51 null 59 41
A101 87 7 20 14 8 6 8 null 12 null
A102 6 14 18 17 5 22 10 14 22 89
A103 12 0 null 95 0 null 7 15 10 10
A104 0 0 11 16 0 4 93 13 3 16
A105 12 19 17 5 7 5 12 89 4 7
A106 9 null 8 9 7 95 0 0 4 3
A107 47 38 63 30 36 33 32 null 36 43
A108 74 90 74 null 73 92 82 null 91 18
A109 69 67 66 78 67 61 null 33 null 77
A110 86 99 98 11 95 91 87 82 88 null
A111 24 15 32 null null 13 null 79 18 null
A112 1 13 null 1 15 1 null 10 6 96
A113 76 29 34 null 30 null 17 25 24 25
A114 85 79 74 21 72 84 89 87 86 null
A115 38 40 30 36 43 64 27 null null null
A116 13 25 18 18 16 15 null null null 85
A117 91 5 5 null 18 1 9 6 null 6
A118 9 null null 11 8 0 8 null 3 100
A119 90 73 80 20 81 79 89 85 75 88
A120 30 29 37 25 33 25 33 31 70 38
A121 64 53 null 52 55 54 59 45 63 49
A122 93 100 99 100 null 100 100 100 2 100
A123 0 0 0 0 null 2 0 0 100 2
A124 77 67 78 83 76 26 80 74 85 81
A125 22 null null 25 41 29 27 38 70 null
A126 23 35 16 18 null 22 null 16 17 75
A127 null 56 71 71 null 62 38 null null 56
A128 95 11 null 13 null 1 null 12 11 0
A129 64 36 40 42 null 35 35 46 37 37
A130 96 null 99 100 98 null 100 5 100 97
A131 15 13 26 10 83 25 22 null 24 21
A132 38 48 41 32 null 34 38 36 61 null
A133 29 43 41 42 37 null null 68 28 41
A134 null 31 null null 65 76 79 69 null 61
A135 94 88 81 81 null 78 90 78 16 91
A136 null null 74 81 null 90 89 74 82 20
A137 2 null 0 null 1 5 10 0 8 97
A138 70 65 null 62 58 60 61 69 37 72
A139 67 76 61 75 64 64 32 null 78 64
A140 null 4 0 9 null 12 0 0 9 98
A141 34 30 75 18 null 30 20 22 19 21
A142 0 0 0 null 8 11 null 4 98 0
A143 24 24 36 39 null 36 31 68 35 42
A144 51 45 49 null 42 38 48 42 42 56
A145 55 54 49 56 null 56 null 52 50 49
A146 75 60 73 60 62 35 59 63 74 null
A147 94 null 0 12 16 5 12 null 2 13
A148 96 97 92 94 90 99 94 82 10 100
A149 94 null null 11 3 8 16 6 7 0
A150 null 57 51 52 45 52 63 49 64 63
A151 81 87 80 97 88 83 13 85 92 80
A152 88 20 null 12 20 19 14 8 15 6
A153 null 62 60 71 null 58 56 72 57 36
A154 50 56 50 44 60 54 null null 61 null
A155 61 59 55 47 62 51 null 47 63 null
A156 31 null null null 28 34 76 null 19 20
A157 100 1 98 null 92 100 93 null null 93
A158 40 68 null 37 42 null 31 33 null 41
A159 null 75 null null 34 31 24 23 25 34
A160 36 33 null 42 69 31 28 22 38 24
A161 78 null 90 78 85 90 86 83 76 21
A162 53 48 45 62 55 46 49 62 null 47
A163 70 40 69 68 69 64 null 68 69 null
A164 100 97 95 100 100 96 91 2 null 100
A165 37 null 43 43 27 27 43 37 31 65
A166 41 null 60 null 60 44 53 50 44 49
A167 72 75 88 22 null 76 null null 88 null
A168 null 70 28 77 81 69 null 83 78 82
A169 10 16 13 13 4 7 null 6 8 89
A170 50 43 48 38 37 null 57 44 49 51
A171 2 94 15 11 12 null null 13 5 10
A172 34 20 24 29 16 77 25 18 14 34
A173 94 99 null 96 89 null 100 null 5 100
A174 63 null 68 71 60 null 34 72 63 63
A175 64 null 64 null 76 68 32 75 null 67
A176 81 14 17 null null null 18 12 12 24
A177 null null 79 92 17 91 86 79 92 null
A178 68 74 83 79 null 63 70 72 80 28
A179 50 51 66 59 62 69 55 42 54 54
A180 53 null 52 41 41 57 52 55 48 55
A181 83 null 12 83 89 98 81 95 89 null
A182 48 48 50 47 46 45 58 null 58 62
A183 58 43 67 59 null 52 null 49 49 52
A184 67 53 54 43 56 58 50 null 67 55
A185 74 18 92 77 83 85 91 87 82 79
A186 20 83 85 76 80 84 78 74 87 82
A187 34 38 40 null null 36 59 45 40 37
A188 null 18 23 21 5 86 null null 24 21
A189 92 90 100 98 100 null 95 95 95 2
A190 30 null 31 45 37 39 43 39 65 null
A191 70 54 71 58 65 38 66 60 65 null
A192 22 85 null 70 null null 82 86 81 null
A193 84 89 81 null 79 20 null 80 74 88
A194 3 null 21 3 1 21 10 null 13 90
A195 73 null 61 72 59 69 66 71 null 35
A196 75 26 null 17 17 null 20 36 null 23
A197 27 32 43 null 42 68 34 40 null 37
A198 82 77 14 93 91 81 95 78 81 82
A199 52 46 58 47 47 59 56 50 50 49
A200 99 100 100 100 null 1 100 100 90 100
