93 99 94 91
63 67 69 62
24 27 23 28
76 72 75 74
81 86 81 88
89 81 88 89
84 85 89 80
95 96 96 92
66 61 67 61
10 13 17 16
55 57 59 53
13 19 15 17
27 25 29 21
40 47 41 45
24 24 29 28
46 49 49 43
42 42 46 45
67 62 66 65
16 11 18 19
72 70 77 72
72 78 72 71
91 95 91 92
17 19 16 15
24 28 21 28
27 24 23 23
10 18 15 10
12 14 15 18
29 28 27 27
94 90 95 92
80 83 81 80
81 81 80 85
45 46 44 44
50 54 51 55
75 76 78 79
45 45 42 47
53 54 55 50
35 31 34 33
35 35 30 33
34 37 35 37
41 41 43 46
19 10 11 16
72 76 74 70
46 49 43 44
51 58 53 59
38 37 32 38
25 24 22 21
97 90 99 93
56 57 52 51
10 19 14 12
14 11 17 13
65 66 64 67
88 80 81 87
22 27 21 26
26 29 29 22
64 60 62 66
55 56 54 56
80 82 81 84
54 54 57 54
48 49 49 44
79 73 73 72
33 35 36 34
52 54 51 56
20 22 21 25
41 40 42 49
51 51 59 58
83 89 89 89
24 22 24 23
50 57 57 59
20 29 20 27
50 55 50 54
75 77 71 71
40 43 47 43
70 72 79 78
57 50 53 51
14 17 14 10
18 16 19 10
15 15 15 11
81 89 87 81
27 20 26 27
89 89 87 83
57 56 56 52
23 29 23 22
18 17 18 13
51 58 52 51
14 18 18 19
90 94 90 90
41 47 42 48
90 90 98 90
91 99 95 96
46 42 44 46
16 18 14 17
24 23 29 24
79 78 71 77
40 43 48 46
67 65 60 69
72 71 75 72
65 68 67 64
97 97 97 90
40 42 47 43
99 96 93 95
