86 89 82 91
44 35 33 39
77 82 82 74
58 65 52 62
24 12 25 19
51 60 62 63
31 32 22 34
10 10 16 25
69 71 75 66
7 11 14 3
80 73 77 71
73 81 72 79
47 52 47 46
25 32 31 30
75 82 80 71
63 73 65 61
75 83 75 74
12 21 13 15
14 12 11 2
42 42 54 49
37 30 31 41
0 5 9 11
83 95 94 89
10 5 15 1
33 31 44 32
10 20 16 20
68 68 69 60
43 51 52 51
66 70 70 64
79 77 79 81
5 10 2 8
34 41 41 30
34 39 44 41
77 73 73 77
61 60 63 72
65 73 68 60
42 37 39 39
16 15 24 14
82 90 89 85
25 11 16 19
75 65 62 61
9 5 1 9
25 17 20 20
69 74 75 61
25 13 15 24
23 12 22 15
59 50 54 62
51 53 49 53
70 75 73 78
48 48 54 48
38 43 36 37
25 26 31 33
49 44 49 43
63 61 64 62
57 52 51 54
43 42 55 47
19 14 19 17
40 55 54 43
0 15 9 1
51 58 63 61
73 73 77 71
45 36 42 31
29 35 20 26
11 19 24 19
0 12 1 0
60 60 52 65
24 12 12 24
12 15 14 15
38 45 43 42
23 27 26 24
14 7 9 3
84 83 81 89
80 89 81 80
32 44 34 31
1 2 10 13
42 35 39 42
13 9 14 3
47 48 52 42
76 70 76 83
64 61 50 62
22 30 25 30
65 59 65 65
71 76 71 75
77 83 77 81
0 4 0 6
18 24 18 19
82 82 86 82
12 15 14 15
22 27 27 25
54 53 54 48
12 5 1 7
78 78 83 83
49 48 50 53
11 0 14 2
31 23 30 30
38 31 35 34
35 41 38 44
20 25 27 32
84 82 79 83
75 62 65 62
